5.188333333
5.058333333
5.099166667
5.090833333
5.184166667
5.199166667
5.685
5.898333333
6.725
7.558333333
7.965833333
6.945
7.225
7.528333333
8.87
8.993333333
9.229166667
8.693333333
9.235833333
10.17916667
12.33833333
14.98916667
14.43533333
11.39858333
12.71004167
10.91183333
9.145541667
9.470708333
9.830916667
9.780541667
10.708125
9.502041667
8.069833333
7.269916667
8.307958333
8.161791891
7.229915224
6.143072501
5.27905303
5.541102069
5.925411872
5.480272243
5.290907107
4.810544562
4.579606759
4.066929293
4.20875299
4.26976743
3.589957697
3.230618896
3.235139967
2.783036121
1.873410126
2.261958761
2.230830258
1.521694596
1.251757576
1.85626448
2.539545455
3.204181901
